In addition to the standard errors in the tables, the flux densities involves ~3-5% systematic errors.

J1256-0547 (3C 279)
| Date      Time  | Freq. |   I   (err)  |    Q   (err)  |    U   (err)  |    P   (err)  |  EVPA   (err)  |
|            UTC  |   GHz |         Jy   |          Jy   |          Jy   |          %    |          deg.  |
|:----------------+-------+--------------+---------------+---------------+---------------+---------------:|
|2020-03-04 02:04 |  97.5 | 12.75 (0.12) |  -0.04 (0.03) |   0.53 (0.21) |   4.18 (0.75) |  46.93 ( 1.97) |
|2020-03-04 02:05 |  97.5 | 12.73 (0.11) |  -0.04 (0.04) |   0.55 (0.22) |   4.37 (0.77) |  46.88 ( 1.95) |
|2020-03-04 06:38 |  97.5 | 12.86 (0.07) |  -0.09 (0.05) |   0.54 (0.03) |   4.22 (0.44) |  49.67 ( 2.38) |
|2020-03-15 02:52 |  97.5 | 14.19 (0.19) |  -0.09 (0.28) |   0.72 (0.09) |   5.12 (1.16) |  48.57 (11.09) |
|2020-03-15 02:53 |  97.5 | 14.19 (0.17) |  -0.08 (0.29) |   0.73 (0.09) |   5.15 (1.19) |  48.32 (11.21) |
|2020-03-15 23:33 |  97.5 | 13.93 (0.16) |   0.08 (0.08) |   0.67 (0.24) |   4.83 (1.07) |  41.55 ( 3.62) |
|2020-03-16 00:29 |  97.5 | 14.01 (0.28) |   0.06 (0.06) |   0.72 (0.35) |   5.19 (1.08) |  42.80 ( 2.47) |
|2020-03-16 00:30 |  97.5 | 14.03 (0.26) |   0.06 (0.06) |   0.72 (0.43) |   5.12 (1.20) |  42.70 ( 2.71) |
|2020-03-16 02:30 |  97.5 | 14.20 (0.20) |   0.00 (0.38) |   0.69 (0.06) |   4.88 (1.15) |  44.88 (15.51) |
|2020-03-16 02:31 |  97.5 | 14.15 (0.21) |  -0.05 (0.43) |   0.69 (0.05) |   4.88 (1.15) |  47.21 (17.81) |
|2020-03-16 06:54 |  97.5 | 14.98 (0.11) |   0.10 (0.06) |   0.88 (0.04) |   5.88 (0.46) |  41.68 ( 2.08) |
|2020-03-17 00:09 |  97.5 | 14.04 (0.25) |   0.06 (0.07) |   0.66 (0.27) |   4.73 (1.07) |  42.26 ( 3.28) |
|2020-03-17 00:10 |  97.5 | 14.01 (0.24) |   0.07 (0.07) |   0.61 (0.33) |   4.40 (1.16) |  41.71 ( 3.77) |
|2020-03-17 01:42 |  97.5 | 13.73 (0.25) |  -0.03 (0.19) |   0.59 (0.35) |   4.31 (1.85) |  46.64 ( 9.12) |
|2020-03-17 01:43 |  97.5 | 13.73 (0.23) |  -0.05 (0.21) |   0.61 (0.36) |   4.48 (1.97) |  47.30 ( 9.64) |
|2020-03-17 02:59 |  97.5 | 14.39 (0.21) |  -0.16 (0.25) |   0.87 (0.21) |   6.17 (1.65) |  50.20 ( 8.03) |
|2020-03-17 03:01 |  97.5 | 14.38 (0.21) |  -0.15 (0.23) |   0.91 (0.22) |   6.43 (1.62) |  49.64 ( 7.08) |
|2020-03-17 03:11 |  97.5 | 13.94 (0.19) |  -0.07 (0.16) |   0.84 (0.28) |   6.05 (1.57) |  47.26 ( 5.49) |
|2020-03-17 03:13 |  97.5 | 13.95 (0.18) |  -0.05 (0.15) |   0.86 (0.25) |   6.17 (1.45) |  46.53 ( 4.97) |
|2020-03-17 04:42 |  97.5 | 14.06 (0.26) |   0.13 (0.22) |   0.95 (0.27) |   6.84 (1.81) |  41.02 ( 6.64) |
|2020-03-19 05:55 |  97.5 | 13.70 (0.12) |  -0.03 (0.03) |   0.65 (0.04) |   4.73 (0.42) |  46.25 ( 1.53) |
|2021-01-21 02:50 |  97.5 | 13.83 (0.23) |  -0.56 (0.04) |  -0.44 (0.16) |   5.13 (0.69) | -70.72 ( 5.02) |
|2021-01-21 03:27 |  97.5 | 13.73 (0.20) |  -0.54 (0.04) |  -0.49 (0.21) |   5.32 (0.73) | -68.72 ( 6.08) |
|2021-01-28 08:30 |  97.5 | 14.18 (0.07) |  -0.61 (0.03) |  -0.11 (0.02) |   4.34 (0.36) | -84.81 ( 1.07) |
|2021-02-06 02:22 |  97.5 | 14.34 (0.10) |  -0.79 (0.02) |  -0.78 (0.02) |   7.76 (0.34) | -67.66 ( 0.46) |
|2021-02-06 02:22 |  97.5 | 14.28 (0.09) |  -0.79 (0.02) |  -0.78 (0.01) |   7.79 (0.33) | -67.70 ( 0.39) |
|2021-02-06 03:16 |  97.5 | 14.29 (0.07) |  -0.79 (0.01) |  -0.79 (0.01) |   7.82 (0.32) | -67.44 ( 0.33) |
|2021-02-06 03:41 |  97.5 | 14.28 (0.07) |  -0.79 (0.02) |  -0.76 (0.02) |   7.68 (0.34) | -68.06 ( 0.53) |
|2021-02-06 04:11 |  97.5 | 14.28 (0.08) |  -0.79 (0.01) |  -0.78 (0.02) |   7.81 (0.34) | -67.68 ( 0.49) |
|2021-02-06 04:32 |  97.5 | 14.21 (0.07) |  -0.77 (0.02) |  -0.76 (0.00) |   7.63 (0.31) | -67.58 ( 0.32) |
|2021-02-06 04:46 |  97.5 | 14.61 (0.07) |  -0.80 (0.01) |  -0.80 (0.01) |   7.71 (0.33) | -67.45 ( 0.37) |
|2021-02-06 05:00 |  97.5 | 14.60 (0.08) |  -0.94 (0.01) |  -0.84 (0.01) |   8.68 (0.32) | -69.10 ( 0.28) |
|2021-02-06 05:10 |  97.5 | 14.67 (0.07) |  -0.76 (0.00) |  -0.82 (0.01) |   7.63 (0.31) | -66.54 ( 0.21) |
|2021-02-06 05:36 |  97.5 | 14.68 (0.07) |  -0.82 (0.01) |  -0.82 (0.01) |   7.91 (0.32) | -67.56 ( 0.22) |
|2021-02-06 05:47 |  97.5 | 14.61 (0.07) |  -0.76 (0.01) |  -0.93 (0.01) |   8.21 (0.32) | -64.59 ( 0.21) |
|2021-02-06 06:05 |  97.5 | 14.70 (0.07) |  -0.84 (0.01) |  -0.82 (0.00) |   7.95 (0.31) | -67.83 ( 0.20) |
|2021-02-08 01:55 |  97.5 | 14.68 (0.08) |  -0.81 (0.01) |  -0.78 (0.01) |   7.64 (0.32) | -68.09 ( 0.29) |

| Date      Time  | Freq. |   I   (err)  |    Q   (err)  |    U   (err)  |    P   (err)  |  EVPA   (err)  |
|            UTC  |   GHz |         Jy   |          Jy   |          Jy   |          %    |          deg.  |
|:----------------+-------+--------------+---------------+---------------+---------------+---------------:|
|2020-03-16 04:32 | 233.0 |  9.00 (0.10) |   0.07 (0.18) |   0.52 (0.05) |   5.83 (1.08) |  41.33 ( 9.51) |
|2020-03-18 00:12 | 233.0 |  8.69 (0.12) |  -0.12 (0.15) |   0.54 (0.08) |   6.34 (1.33) |  51.34 ( 7.60) |
|2020-03-18 00:14 | 233.0 |  8.64 (0.12) |  -0.13 (0.12) |   0.53 (0.07) |   6.28 (1.11) |  51.90 ( 6.04) |
|2020-03-18 01:46 | 233.0 |  8.57 (0.09) |  -0.10 (0.10) |   0.56 (0.03) |   6.67 (0.79) |  50.01 ( 5.08) |
|2020-03-18 01:48 | 233.0 |  8.58 (0.08) |  -0.08 (0.11) |   0.55 (0.03) |   6.54 (0.75) |  49.14 ( 5.43) |
|2020-03-18 04:50 | 233.0 |  8.67 (0.06) |  -0.05 (0.08) |   0.52 (0.05) |   6.01 (0.79) |  47.88 ( 4.55) |
|2020-03-18 05:47 | 233.0 |  8.93 (0.07) |  -0.11 (0.01) |   0.56 (0.01) |   6.42 (0.34) |  50.51 ( 0.71) |
|2021-01-21 04:09 | 233.0 |  9.23 (0.10) |  -0.83 (0.18) |  -0.61 (0.10) |  11.17 (1.53) | -71.87 ( 3.69) |
|2021-01-21 04:10 | 233.0 |  9.30 (0.10) |  -0.83 (0.19) |  -0.62 (0.09) |  11.11 (1.50) | -71.64 ( 3.77) |
|2021-01-21 05:15 | 233.0 |  8.89 (0.08) |  -0.83 (0.10) |  -0.47 (0.01) |  10.69 (0.41) | -75.30 ( 1.51) |
|2021-02-07 01:39 | 233.0 |  8.28 (0.08) |  -0.70 (0.03) |  -0.72 (0.03) |  12.06 (0.45) | -67.11 ( 0.76) |
|2021-02-07 01:59 | 233.0 |  9.31 (0.05) |  -0.77 (0.01) |  -0.79 (0.01) |  11.81 (0.32) | -67.14 ( 0.22) |
|2021-02-07 03:04 | 233.0 |  9.30 (0.06) |  -0.82 (0.00) |  -0.82 (0.01) |  12.44 (0.32) | -67.44 ( 0.12) |
|2021-02-07 04:39 | 233.0 |  8.75 (0.06) |  -0.70 (0.01) |  -0.76 (0.00) |  11.82 (0.32) | -66.44 ( 0.15) |
|2021-02-07 06:54 | 233.0 |  8.62 (0.07) |  -0.64 (0.07) |  -0.80 (0.01) |  11.87 (0.44) | -64.48 ( 1.44) |

| Date      Time  | Freq. |   I   (err)  |    Q   (err)  |    U   (err)  |    P   (err)  |  EVPA   (err)  |
|            UTC  |   GHz |         Jy   |          Jy   |          Jy   |          %    |          deg.  |
|:----------------+-------+--------------+---------------+---------------+---------------+---------------:|
|2020-02-27 04:58 | 343.4 |  5.87 (0.09) |  -0.12 (0.08) |   0.11 (0.01) |   2.75 (0.49) |  69.52 ( 9.84) |
|2020-02-27 07:36 | 343.4 |  5.76 (0.09) |  -0.16 (0.02) |   0.14 (0.02) |   3.66 (0.49) |  69.92 ( 2.96) |
|2020-02-28 02:04 | 343.4 |  5.83 (0.14) |  -0.14 (0.07) |   0.19 (0.00) |   3.97 (0.40) |  63.19 ( 6.76) |
|2020-02-28 02:06 | 343.4 |  5.79 (0.12) |  -0.12 (0.07) |   0.19 (0.00) |   3.89 (0.34) |  61.68 ( 6.91) |
|2021-01-28 07:34 | 343.4 |  6.48 (0.05) |  -0.47 (0.01) |  -0.32 (0.00) |   8.83 (0.33) | -72.95 ( 0.38) |
|2021-02-07 04:11 | 343.4 |  6.90 (0.10) |  -0.65 (0.01) |  -0.73 (0.01) |  14.23 (0.33) | -65.90 ( 0.22) |
|2021-02-07 06:07 | 343.4 |  6.60 (0.07) |  -0.60 (0.01) |  -0.68 (0.01) |  13.72 (0.35) | -65.59 ( 0.38) |
|2021-02-07 06:28 | 343.4 |  6.60 (0.06) |  -0.55 (0.05) |  -0.69 (0.00) |  13.44 (0.39) | -64.36 ( 1.16) |
|2021-02-08 03:13 | 343.4 |  6.59 (0.07) |  -0.58 (0.01) |  -0.69 (0.00) |  13.60 (0.32) | -64.97 ( 0.15) |
|2021-02-08 04:24 | 343.4 |  6.76 (0.06) |  -0.56 (0.01) |  -0.71 (0.01) |  13.28 (0.32) | -64.13 ( 0.19) |


J1229+0203 (3C 273)
| Date      Time  | Freq. |   I   (err)  |    Q   (err)  |    U   (err)  |    P   (err)  |  EVPA   (err)  |
|            UTC  |   GHz |         Jy   |          Jy   |          Jy   |          %    |          deg.  |
|:----------------+-------+--------------+---------------+---------------+---------------+---------------:|
|2020-03-04 02:26 |  97.5 |  7.80 (0.08) |  -0.03 (0.13) |  -0.48 (0.07) |   6.16 (1.32) | -46.58 ( 7.90) |
|2020-03-04 06:38 |  97.5 |  7.70 (0.04) |  -0.07 (0.01) |  -0.47 (0.01) |   6.17 (0.33) | -49.26 ( 0.32) |
|2020-03-06 22:53 |  97.5 |  7.75 (0.13) |  -0.09 (0.03) |  -0.37 (0.12) |   4.95 (0.84) | -51.86 ( 2.98) |
|2020-03-15 03:07 |  97.5 |  7.88 (0.09) |  -0.10 (0.08) |  -0.37 (0.15) |   4.89 (1.43) | -52.41 ( 6.39) |
|2020-03-15 23:31 |  97.5 |  7.77 (0.13) |  -0.02 (0.01) |  -0.52 (0.14) |   6.75 (0.53) | -45.83 ( 0.47) |
|2020-03-16 00:55 |  97.5 |  7.90 (0.21) |  -0.04 (0.11) |  -0.50 (0.19) |   6.40 (1.91) | -47.29 ( 6.36) |
|2020-03-16 02:33 |  97.5 |  7.90 (0.11) |  -0.16 (0.19) |  -0.44 (0.11) |   5.98 (1.92) | -54.79 (11.23) |
|2020-03-16 02:46 |  97.5 |  7.94 (0.11) |  -0.10 (0.14) |  -0.41 (0.14) |   5.33 (1.79) | -51.97 ( 9.36) |
|2020-03-17 00:11 |  97.5 |  7.85 (0.21) |  -0.05 (0.03) |  -0.62 (0.16) |   7.95 (0.98) | -47.13 ( 1.50) |
|2020-03-17 01:45 |  97.5 |  7.67 (0.25) |  -0.15 (0.18) |  -0.51 (0.06) |   6.90 (1.42) | -53.03 ( 9.19) |
|2020-03-17 03:02 |  97.5 |  8.07 (0.14) |  -0.09 (0.07) |  -0.39 (0.16) |   4.95 (1.40) | -51.80 ( 5.71) |
|2020-03-17 03:14 |  97.5 |  7.80 (0.21) |  -0.07 (0.03) |  -0.33 (0.13) |   4.39 (0.90) | -51.22 ( 3.52) |
|2020-03-17 04:43 |  97.5 |  7.74 (0.24) |   0.02 (0.09) |  -0.39 (0.12) |   5.08 (1.37) | -43.77 ( 6.23) |
|2020-03-19 05:55 |  97.5 |  7.68 (0.08) |  -0.02 (0.02) |  -0.43 (0.03) |   5.61 (0.46) | -46.21 ( 1.64) |
|2021-01-21 02:47 |  97.5 |  7.92 (0.24) |   0.04 (0.01) |  -0.38 (0.13) |   4.88 (0.60) | -42.22 ( 1.27) |
|2021-01-21 03:23 |  97.5 |  7.82 (0.12) |   0.03 (0.02) |  -0.40 (0.20) |   5.06 (0.92) | -43.13 ( 1.81) |
|2021-01-28 08:30 |  97.5 |  9.03 (0.05) |   0.06 (0.01) |  -0.25 (0.01) |   2.80 (0.32) | -38.70 ( 0.87) |
|2021-01-28 08:30 |  97.5 |  8.99 (0.06) |   0.05 (0.01) |  -0.25 (0.01) |   2.87 (0.33) | -38.86 ( 1.06) |
|2021-02-06 02:22 |  97.5 |  9.75 (0.07) |   0.01 (0.01) |  -0.35 (0.02) |   3.60 (0.34) | -44.44 ( 0.71) |
|2021-02-06 02:22 |  97.5 |  9.74 (0.06) |   0.01 (0.01) |  -0.35 (0.01) |   3.62 (0.33) | -44.46 ( 0.67) |
|2021-02-06 03:16 |  97.5 |  9.79 (0.05) |   0.00 (0.01) |  -0.37 (0.01) |   3.73 (0.33) | -44.90 ( 0.93) |
|2021-02-06 03:41 |  97.5 |  9.63 (0.05) |   0.01 (0.01) |  -0.35 (0.00) |   3.62 (0.32) | -44.28 ( 0.59) |
|2021-02-06 04:11 |  97.5 |  9.64 (0.05) |  -0.00 (0.01) |  -0.36 (0.00) |   3.72 (0.31) | -45.11 ( 0.41) |
|2021-02-06 04:32 |  97.5 |  9.64 (0.05) |   0.01 (0.00) |  -0.36 (0.01) |   3.75 (0.31) | -44.03 ( 0.19) |
|2021-02-06 04:46 |  97.5 |  9.94 (0.05) |   0.01 (0.00) |  -0.37 (0.01) |   3.77 (0.31) | -44.58 ( 0.16) |
|2021-02-06 05:00 |  97.5 |  9.94 (0.05) |  -0.09 (0.00) |  -0.33 (0.01) |   3.44 (0.32) | -52.78 ( 0.32) |
|2021-02-06 05:10 |  97.5 | 10.08 (0.05) |   0.03 (0.01) |  -0.40 (0.01) |   4.02 (0.33) | -43.16 ( 0.97) |
|2021-02-06 05:36 |  97.5 | 10.11 (0.06) |  -0.01 (0.01) |  -0.38 (0.01) |   3.73 (0.32) | -45.68 ( 0.49) |
|2021-02-06 05:47 |  97.5 | 10.08 (0.06) |   0.01 (0.01) |  -0.46 (0.01) |   4.54 (0.32) | -44.28 ( 0.54) |
|2021-02-06 06:05 |  97.5 | 10.09 (0.05) |  -0.01 (0.01) |  -0.38 (0.01) |   3.76 (0.32) | -45.70 ( 0.59) |
|2021-02-08 01:55 |  97.5 | 10.10 (0.06) |   0.02 (0.01) |  -0.37 (0.00) |   3.63 (0.31) | -43.65 ( 0.69) |

| Date      Time  | Freq. |   I   (err)  |    Q   (err)  |    U   (err)  |    P   (err)  |  EVPA   (err)  |
|            UTC  |   GHz |         Jy   |          Jy   |          Jy   |          %    |          deg.  |
|:----------------+-------+--------------+---------------+---------------+---------------+---------------:|
|2020-03-16 04:34 | 233.0 |  4.07 (0.06) |  -0.01 (0.06) |  -0.20 (0.01) |   4.87 (0.75) | -47.00 ( 8.66) |
|2020-03-18 00:51 | 233.0 |  3.79 (0.03) |  -0.07 (0.03) |  -0.17 (0.01) |   4.78 (0.56) | -56.94 ( 3.90) |
|2020-03-18 01:50 | 233.0 |  3.83 (0.06) |  -0.05 (0.01) |  -0.15 (0.03) |   4.21 (0.51) | -53.59 ( 1.99) |
|2020-03-18 03:04 | 233.0 |  3.91 (0.02) |  -0.01 (0.03) |  -0.17 (0.03) |   4.27 (0.82) | -45.93 ( 4.96) |
|2020-03-18 04:52 | 233.0 |  3.80 (0.03) |  -0.01 (0.03) |  -0.19 (0.01) |   5.08 (0.55) | -46.76 ( 4.14) |
|2020-03-18 05:03 | 233.0 |  3.89 (0.03) |  -0.02 (0.04) |  -0.19 (0.01) |   5.05 (0.68) | -48.46 ( 5.58) |
|2020-03-18 05:49 | 233.0 |  4.07 (0.05) |  -0.03 (0.01) |  -0.20 (0.01) |   4.96 (0.40) | -49.46 ( 1.82) |
|2021-01-21 04:12 | 233.0 |  4.99 (0.06) |  -0.10 (0.14) |  -0.13 (0.00) |   3.22 (0.60) | -63.69 (19.69) |
|2021-01-21 05:08 | 233.0 |  4.84 (0.07) |  -0.07 (0.10) |  -0.06 (0.07) |   1.94 (1.48) | -69.15 (25.63) |
|2021-02-07 01:02 | 233.0 |  5.78 (0.06) |  -0.04 (0.02) |  -0.11 (0.03) |   2.05 (0.53) | -54.97 ( 5.73) |
|2021-02-07 01:23 | 233.0 |  5.95 (0.04) |  -0.00 (0.03) |  -0.09 (0.02) |   1.59 (0.48) | -46.24 ( 9.22) |
|2021-02-07 01:59 | 233.0 |  6.30 (0.05) |  -0.00 (0.00) |  -0.10 (0.00) |   1.65 (0.31) | -46.20 ( 0.65) |
|2021-02-07 03:04 | 233.0 |  6.51 (0.04) |  -0.04 (0.00) |  -0.12 (0.00) |   1.89 (0.31) | -54.97 ( 0.44) |
|2021-02-07 04:39 | 233.0 |  6.20 (0.04) |   0.00 (0.01) |  -0.14 (0.00) |   2.19 (0.32) | -44.55 ( 1.23) |
|2021-02-07 06:56 | 233.0 |  6.28 (0.05) |   0.05 (0.06) |  -0.15 (0.00) |   2.57 (0.38) | -35.64 ( 9.60) |

| Date      Time  | Freq. |   I   (err)  |    Q   (err)  |    U   (err)  |    P   (err)  |  EVPA   (err)  |
|            UTC  |   GHz |         Jy   |          Jy   |          Jy   |          %    |          deg.  |
|:----------------+-------+--------------+---------------+---------------+---------------+---------------:|
|2020-02-27 05:01 | 343.4 |  3.05 (0.03) |  -0.02 (0.04) |  -0.18 (0.00) |   5.85 (0.48) | -47.82 ( 7.06) |
|2020-02-27 05:19 | 343.4 |  2.98 (0.02) |  -0.02 (0.06) |  -0.17 (0.01) |   5.89 (0.99) | -48.15 ( 9.55) |
|2020-02-28 02:44 | 343.4 |  3.07 (0.04) |  -0.02 (0.03) |  -0.13 (0.05) |   4.36 (1.19) | -50.11 ( 5.88) |
|2021-01-28 07:34 | 343.4 |  4.37 (0.03) |   0.00 (0.00) |  -0.09 (0.00) |   2.01 (0.31) | -44.85 ( 0.53) |
|2021-02-07 04:11 | 343.4 |  4.40 (0.07) |  -0.02 (0.00) |  -0.01 (0.00) |   0.56 (0.29) | -83.29 ( 1.37) |
|2021-02-07 06:07 | 343.4 |  4.47 (0.05) |  -0.02 (0.00) |  -0.01 (0.00) |   0.49 (0.28) | -71.65 ( 1.16) |
|2021-02-07 06:30 | 343.4 |  4.54 (0.03) |   0.02 (0.03) |  -0.02 (0.01) |   0.67 (0.40) | -21.91 (19.12) |
|2021-02-08 03:13 | 343.4 |  4.31 (0.05) |  -0.03 (0.00) |  -0.02 (0.00) |   0.78 (0.30) | -70.15 ( 0.89) |
|2021-02-08 04:24 | 343.4 |  4.40 (0.05) |  -0.03 (0.00) |  -0.03 (0.00) |   0.94 (0.30) | -69.96 ( 0.45) |


J1337-1257
| Date      Time  | Freq. |   I   (err)  |    Q   (err)  |    U   (err)  |    P   (err)  |  EVPA   (err)  |
|            UTC  |   GHz |         Jy   |          Jy   |          Jy   |          %    |          deg.  |
|:----------------+-------+--------------+---------------+---------------+---------------+---------------:|
|2020-03-04 02:31 |  97.5 |  4.92 (0.04) |   0.35 (0.04) |  -0.04 (0.09) |   7.15 (1.29) |  -3.16 ( 7.32) |
|2020-03-04 06:38 |  97.5 |  4.94 (0.03) |   0.33 (0.01) |  -0.06 (0.00) |   6.87 (0.35) |  -4.86 ( 0.43) |
|2020-03-15 03:10 |  97.5 |  5.01 (0.05) |   0.29 (0.08) |  -0.09 (0.08) |   6.08 (1.65) |  -8.90 ( 7.20) |
|2020-03-15 23:36 |  97.5 |  5.02 (0.05) |   0.33 (0.06) |  -0.02 (0.11) |   6.54 (1.66) |  -2.06 ( 9.33) |
|2020-03-16 00:58 |  97.5 |  5.03 (0.11) |   0.35 (0.07) |  -0.06 (0.14) |   7.02 (2.06) |  -4.75 (10.96) |
|2020-03-16 03:45 |  97.5 |  5.04 (0.05) |   0.31 (0.07) |  -0.01 (0.11) |   6.11 (1.82) |  -1.13 (10.46) |
|2020-03-16 06:54 |  97.5 |  5.33 (0.03) |   0.36 (0.01) |  -0.02 (0.00) |   6.75 (0.32) |  -1.86 ( 0.34) |
|2020-03-17 04:45 |  97.5 |  5.02 (0.10) |   0.39 (0.10) |   0.01 (0.08) |   7.77 (1.90) |   0.53 ( 6.12) |
|2020-03-19 05:55 |  97.5 |  5.00 (0.03) |   0.35 (0.02) |  -0.04 (0.01) |   7.09 (0.42) |  -3.45 ( 0.87) |
|2021-01-28 08:30 |  97.5 |  3.51 (0.02) |   0.28 (0.00) |  -0.07 (0.01) |   8.31 (0.33) |  -6.77 ( 0.56) |
|2021-02-06 03:16 |  97.5 |  3.56 (0.02) |   0.26 (0.00) |  -0.08 (0.00) |   7.64 (0.32) |  -8.14 ( 0.19) |

| Date      Time  | Freq. |   I   (err)  |    Q   (err)  |    U   (err)  |    P   (err)  |  EVPA   (err)  |
|            UTC  |   GHz |         Jy   |          Jy   |          Jy   |          %    |          deg.  |
|:----------------+-------+--------------+---------------+---------------+---------------+---------------:|
|2020-03-16 04:36 | 233.0 |  3.43 (0.04) |   0.26 (0.09) |  -0.11 (0.03) |   8.23 (1.55) | -11.45 ( 4.43) |
|2020-03-16 05:41 | 233.0 |  3.50 (0.06) |   0.26 (0.06) |  -0.13 (0.06) |   8.26 (1.85) | -13.56 ( 6.31) |
|2020-03-17 08:06 | 233.0 |  3.49 (0.03) |   0.24 (0.00) |  -0.11 (0.01) |   7.50 (0.32) | -12.16 ( 0.54) |
|2020-03-18 00:57 | 233.0 |  3.20 (0.03) |   0.23 (0.03) |  -0.12 (0.03) |   8.14 (1.07) | -14.05 ( 3.36) |
|2020-03-18 05:12 | 233.0 |  3.36 (0.02) |   0.27 (0.04) |  -0.15 (0.04) |   9.19 (1.26) | -14.03 ( 3.82) |
|2020-03-18 05:51 | 233.0 |  3.35 (0.03) |   0.28 (0.04) |  -0.16 (0.04) |   9.62 (1.37) | -14.45 ( 3.83) |
|2021-02-07 03:04 | 233.0 |  2.40 (0.02) |   0.18 (0.00) |  -0.09 (0.01) |   8.50 (0.33) | -13.00 ( 0.74) |
|2021-02-07 06:58 | 233.0 |  2.17 (0.03) |   0.20 (0.02) |  -0.09 (0.00) |   9.91 (0.54) | -12.45 ( 1.34) |

| Date      Time  | Freq. |   I   (err)  |    Q   (err)  |    U   (err)  |    P   (err)  |  EVPA   (err)  |
|            UTC  |   GHz |         Jy   |          Jy   |          Jy   |          %    |          deg.  |
|:----------------+-------+--------------+---------------+---------------+---------------+---------------:|
|2020-02-27 05:25 | 343.4 |  2.73 (0.04) |   0.21 (0.05) |  -0.15 (0.02) |   9.57 (1.15) | -17.85 ( 3.49) |
|2020-02-27 07:36 | 343.4 |  2.65 (0.02) |   0.18 (0.01) |  -0.15 (0.02) |   8.70 (0.78) | -19.70 ( 2.47) |
|2020-02-28 02:52 | 343.4 |  2.84 (0.03) |   0.19 (0.04) |  -0.13 (0.02) |   8.14 (0.98) | -16.55 ( 3.09) |
|2021-01-28 07:34 | 343.4 |  1.73 (0.01) |   0.19 (0.00) |  -0.08 (0.00) |  12.11 (0.34) | -11.55 ( 0.28) |
|2021-02-07 04:11 | 343.4 |  1.84 (0.03) |   0.15 (0.00) |  -0.08 (0.00) |   9.40 (0.35) | -13.34 ( 0.41) |
|2021-02-07 06:33 | 343.4 |  1.75 (0.01) |   0.16 (0.02) |  -0.07 (0.00) |  10.09 (0.35) | -11.37 ( 1.12) |
|2021-02-08 03:13 | 343.4 |  1.65 (0.01) |   0.13 (0.00) |  -0.07 (0.00) |   9.18 (0.34) | -14.33 ( 0.38) |
|2021-02-08 04:24 | 343.4 |  1.73 (0.02) |   0.15 (0.01) |  -0.08 (0.00) |   9.70 (0.39) | -13.29 ( 0.62) |


J1331+3030 (3C 286)
| Date      Time  | Freq. |   I   (err)  |    Q   (err)  |    U   (err)  |    P   (err)  |  EVPA   (err)  |
|            UTC  |   GHz |         Jy   |          Jy   |          Jy   |          %    |          deg.  |
|:----------------+-------+--------------+---------------+---------------+---------------+---------------:|
|2020-03-04 02:28 |  97.5 |  0.75 (0.01) |   0.04 (0.01) |   0.11 (0.01) |  15.16 (1.42) |  35.47 ( 2.66) |
|2020-03-04 06:38 |  97.5 |  0.78 (0.02) |   0.03 (0.00) |   0.10 (0.00) |  14.09 (0.59) |  36.48 ( 0.94) |
|2020-03-15 03:08 |  97.5 |  0.77 (0.01) |   0.03 (0.01) |   0.10 (0.00) |  14.26 (0.61) |  36.33 ( 2.69) |
|2020-03-16 00:59 |  97.5 |  0.77 (0.01) |   0.03 (0.01) |   0.10 (0.01) |  13.63 (0.97) |  36.23 ( 2.16) |
|2020-03-17 02:05 |  97.5 |  0.76 (0.01) |   0.02 (0.01) |   0.10 (0.00) |  13.51 (0.88) |  39.75 ( 3.23) |
|2020-03-19 05:55 |  97.5 |  0.77 (0.02) |   0.03 (0.01) |   0.10 (0.01) |  14.09 (0.90) |  36.44 ( 1.41) |
|2021-01-28 08:30 |  97.5 |  0.75 (0.00) |   0.03 (0.00) |   0.11 (0.00) |  14.98 (0.45) |  37.16 ( 0.44) |
|2021-02-06 03:16 |  97.5 |  0.77 (0.01) |   0.03 (0.00) |   0.11 (0.00) |  14.61 (0.40) |  36.62 ( 0.36) |

| Date      Time  | Freq. |   I   (err)  |    Q   (err)  |    U   (err)  |    P   (err)  |  EVPA   (err)  |
|            UTC  |   GHz |         Jy   |          Jy   |          Jy   |          %    |          deg.  |
|:----------------+-------+--------------+---------------+---------------+---------------+---------------:|
|2020-03-18 00:55 | 233.0 |  0.32 (0.01) |   0.01 (0.01) |   0.05 (0.01) |  15.21 (3.47) |  39.18 ( 8.61) |
|2020-03-18 05:10 | 233.0 |  0.35 (0.01) |   0.02 (0.00) |   0.06 (0.01) |  16.91 (1.51) |  34.40 ( 2.02) |
|2021-02-07 03:04 | 233.0 |  0.34 (0.01) |   0.02 (0.00) |   0.05 (0.00) |  16.62 (0.81) |  36.68 ( 1.19) |

| Date      Time  | Freq. |   I   (err)  |    Q   (err)  |    U   (err)  |    P   (err)  |  EVPA   (err)  |
|            UTC  |   GHz |         Jy   |          Jy   |          Jy   |          %    |          deg.  |
|:----------------+-------+--------------+---------------+---------------+---------------+---------------:|
|2020-02-27 05:28 | 343.4 |  0.24 (0.01) |   0.02 (0.01) |   0.04 (0.01) |  17.68 (2.93) |  29.81 ( 5.20) |
|2020-02-28 02:47 | 343.4 |  0.24 (0.02) |  -0.00 (0.01) |   0.05 (0.00) |  18.59 (1.93) |  46.37 ( 5.10) |
|2021-01-28 07:34 | 343.4 |  0.23 (0.00) |   0.01 (0.00) |   0.04 (0.00) |  16.78 (1.17) |  36.59 ( 2.31) |
|2021-02-07 04:11 | 343.4 |  0.22 (0.00) |   0.01 (0.01) |   0.03 (0.01) |  16.02 (2.88) |  38.13 ( 4.53) |
|2021-02-08 03:13 | 343.4 |  0.21 (0.00) |   0.01 (0.00) |   0.03 (0.00) |  15.86 (0.78) |  37.99 ( 2.07) |
|2021-02-08 04:24 | 343.4 |  0.22 (0.00) |   0.01 (0.00) |   0.04 (0.01) |  17.60 (1.17) |  37.72 ( 1.30) |

J1058+0133
| Date      Time  | Freq. |   I   (err)  |    Q   (err)  |    U   (err)  |    P   (err)  |  EVPA   (err)  |
|            UTC  |   GHz |         Jy   |          Jy   |          Jy   |          %    |          deg.  |
|:----------------+-------+--------------+---------------+---------------+---------------+---------------:|
|2020-03-04 02:18 |  97.5 |  2.56 (0.03) |  -0.03 (0.03) |  -0.19 (0.04) |   7.35 (1.30) | -49.10 ( 3.94) |
|2020-03-05 21:24 |  97.5 |  2.55 (0.03) |  -0.03 (0.01) |  -0.13 (0.05) |   5.36 (1.09) | -50.87 ( 3.58) |
|2020-03-06 22:49 |  97.5 |  2.52 (0.03) |  -0.02 (0.01) |  -0.14 (0.05) |   5.61 (0.73) | -49.35 ( 1.82) |
|2020-03-14 21:20 |  97.5 |  2.53 (0.04) |  -0.02 (0.01) |  -0.16 (0.04) |   6.25 (0.81) | -49.09 ( 1.83) |
|2020-03-15 02:54 |  97.5 |  2.52 (0.02) |  -0.03 (0.02) |  -0.13 (0.05) |   5.48 (1.31) | -51.05 ( 4.67) |
|2020-03-15 20:43 |  97.5 |  2.54 (0.03) |  -0.03 (0.02) |  -0.14 (0.06) |   5.56 (1.34) | -51.11 ( 4.41) |
|2020-03-15 22:56 |  97.5 |  2.53 (0.04) |  -0.04 (0.01) |  -0.17 (0.06) |   6.69 (1.10) | -51.01 ( 2.81) |
|2020-03-15 23:24 |  97.5 |  2.47 (0.03) |  -0.04 (0.03) |  -0.17 (0.05) |   6.99 (1.60) | -52.03 ( 5.24) |
|2020-03-16 00:45 |  97.5 |  2.47 (0.05) |  -0.05 (0.07) |  -0.14 (0.01) |   6.25 (1.01) | -55.43 (11.81) |
|2021-01-21 03:11 |  97.5 |  2.59 (0.04) |  -0.03 (0.02) |  -0.24 (0.02) |   9.50 (0.81) | -48.16 ( 2.50) |
|2021-02-05 23:36 |  97.5 |  2.88 (0.05) |   0.01 (0.00) |  -0.27 (0.00) |   9.24 (0.32) | -44.12 ( 0.22) |
|2021-02-06 03:16 |  97.5 |  3.01 (0.02) |  -0.00 (0.00) |  -0.27 (0.00) |   8.99 (0.32) | -45.27 ( 0.49) |

| Date      Time  | Freq. |   I   (err)  |    Q   (err)  |    U   (err)  |    P   (err)  |  EVPA   (err)  |
|            UTC  |   GHz |         Jy   |          Jy   |          Jy   |          %    |          deg.  |
|:----------------+-------+--------------+---------------+---------------+---------------+---------------:|
|2020-03-17 21:44 | 233.0 |  1.53 (0.02) |  -0.06 (0.02) |  -0.09 (0.01) |   7.10 (0.83) | -60.44 ( 4.02) |
|2020-03-18 00:37 | 233.0 |  1.43 (0.03) |  -0.03 (0.00) |  -0.07 (0.03) |   5.11 (0.84) | -56.69 ( 5.44) |
|2020-03-18 02:01 | 233.0 |  1.42 (0.01) |  -0.02 (0.02) |  -0.08 (0.00) |   5.83 (0.71) | -52.51 ( 6.19) |
|2020-03-18 04:57 | 233.0 |  1.51 (0.02) |  -0.02 (0.05) |  -0.10 (0.03) |   6.50 (2.47) | -49.93 (13.07) |
|2021-01-21 04:42 | 233.0 |  1.80 (0.03) |   0.01 (0.01) |  -0.12 (0.03) |   6.47 (0.93) | -41.32 ( 2.27) |
|2021-02-07 03:04 | 233.0 |  1.98 (0.02) |  -0.00 (0.00) |  -0.18 (0.01) |   9.13 (0.40) | -45.61 ( 0.62) |

| Date      Time  | Freq. |   I   (err)  |    Q   (err)  |    U   (err)  |    P   (err)  |  EVPA   (err)  |
|            UTC  |   GHz |         Jy   |          Jy   |          Jy   |          %    |          deg.  |
|:----------------+-------+--------------+---------------+---------------+---------------+---------------:|
|2020-02-27 05:03 | 343.4 |  1.28 (0.01) |  -0.00 (0.02) |  -0.12 (0.02) |   9.43 (1.61) | -45.69 ( 4.54) |
|2020-02-28 02:31 | 343.4 |  1.24 (0.01) |   0.01 (0.02) |  -0.10 (0.02) |   7.95 (1.44) | -41.82 ( 5.52) |
|2020-02-28 23:03 | 343.4 |  1.38 (0.02) |  -0.03 (0.02) |  -0.12 (0.02) |   8.78 (1.45) | -51.55 ( 5.29) |
|2021-01-28 07:34 | 343.4 |  1.53 (0.01) |  -0.00 (0.00) |  -0.16 (0.00) |  10.16 (0.34) | -45.31 ( 0.17) |
|2021-02-06 23:18 | 343.4 |  1.50 (0.02) |   0.01 (0.01) |  -0.15 (0.01) |   9.98 (0.75) | -44.02 ( 2.18) |
|2021-02-07 00:03 | 343.4 |  1.44 (0.01) |  -0.02 (0.02) |  -0.14 (0.01) |   9.95 (0.76) | -48.08 ( 3.64) |
|2021-02-07 04:11 | 343.4 |  1.58 (0.02) |   0.01 (0.01) |  -0.15 (0.00) |   9.40 (0.42) | -43.65 ( 1.05) |
|2021-02-08 03:13 | 343.4 |  1.56 (0.02) |   0.00 (0.00) |  -0.15 (0.00) |   9.36 (0.35) | -44.79 ( 0.42) |
|2021-02-08 04:24 | 343.4 |  1.59 (0.01) |   0.00 (0.00) |  -0.15 (0.00) |   9.38 (0.38) | -44.38 ( 0.45) |